$ANSIBLE_VAULT;1.1;AES256
30666234343535643538353632383664303539353665383062613238393537613337653462346137
6634316136626161663066626130346633383430343538650a386134323666653066633362363238
66336437656637666537646139313066656563646266636138376132383636393564323361333132
3163353038623736320a646562623638336530333731383064613562353333326539333039316333
35353232666635306430353837636461303065333330363766376239343830316463363436326237
38633261343535313132343162326139396531653465313438333661353562396235306336393766
39346361393837313631306661383165363735313834613765636138386635373732373965663132
65353566633632323962633961393535353761346134346565656562666436316664613034303561
65333364633862363731353235623863613136303964666439323462303433303732353235316661
32313438626331656238393333353331623838376432646638386132383738393465346232323361
63386433383965383662613539623632306537646338646130323161303036623934373139373131
64326239363162376563393330386236323038376330323232393731646531653162363433383065
61643565643837646461663230346463303831353035356162396437623537656566346635303833
38663263363262366634623664393436393437373338363962313636343536313334623737313963
32343535336430633662373138383136323438643835316635396163376336323866666632653865
38383130623266336430343066326537353836623565343262666566393333373166646263663035
38616561646330386163373061386632376564653666383961643439323737666533636631623731
66306235363239626335323365646365633465616133303632343332396565663635303032393735
33623862613030376531353033613563333836616462656534646532386637323136613932623265
36613734646666343137393634653832653939316434666535303261323734326337343062393731
35663031643962353466323731323137306335346165646632366664323838636434363935656266
62623566303030653434366439636433313430376533626264313936303566663565666333623438
66613066316664303036366161313831323962366533356138376464343633313134613435353833
30636135653362363763623062333630313530323432386232333261653065313165313765613563
39613362303935656232356532316562313164306430653463373861613433336238656133396339
33633265626530666238346530306438666236363636656463316164666261333464623066643932
66623934323538393164336664643065393366303331333764326566366239656564643036353238
34346663333335656138393332336562633765623536323865353161663565613339616231623134
33373239386633363065626166326135393465616138323361386239373664633830316536663836
30666163613033616265656465613166663838333439656231323633363936323763666636666666
61656365323133636165613361383164306130363638386433656532623136623966393239353165
66303934323032666230646239313838633332323237333639333663646637353563353339313934
39663232346638333233396266373965306564393961303962623037633933383266393830373537
65313962353137303230353733396431636630343631366333303031643831646564613034363739
33633565366230393361356236663237333761343566343763383739373331363833316235616663
36346336333865373466396163333439626266363766313265656263393232353538626438666666
37643335333136373161356639383862656636363530333431343465616665363438353030636137
34616163383637626432383931636430313632356162343664323530636136336635626165623063
37626530373731316165306537346239636463353930306365613334316236643732363363333932
33626462626436616436313032386566666235333466636664343664643663316633613037333762
31666364636533343734383566323465343830646563663861623033626339653833373930346365
61333938333866393933356334363437343930633666373730376663346466653963633230343930
33353432356538363434636166383739643837303666623837383330393839396162336133666464
34393639306333316263636537643337336232373361363639343538616533323933653764666136
30663062363530373634383334643038613435613030323630656265363564363739343830653439
66313131646537663433633534323661336432366336383432356139346564646562616164396562
32343862343232313065333037303032353965316164323964306663626132666162643562316136
37653763316162646364636330303363306430656332373936316463346339303439366661653766
62313234333132356365663735616337393436333234386637653662363835616530383831353438
36396566633165353339646139666434356561383033383261333431333662396133306138626431
66613763643065383735386262336562303535343331313665363535646365386366336231363262
35336236633636663638383563663562616432346138336130343462656634366434353566303736
31623962343161376466656336356165373165643562343832666461353039356164343432313239
39336466386161316661363336376430386134666430363964326535346666623266356539633434
30376238323933336666383365393061613063323037393030316536393439336261636461306365
63653733356665643539363639393534656536336435306530386632363163346230313738303633
63383630396532396536366163333130633339326363316333343764656136383130646162396136
62346536303339356138313530623531643662333732623937626631386634613564316366383463
61396632386236323062656532396639346163316133353664386336653030313132386663393135
35663262343535333130393433646566343162363361323961663962663966663038356134393865
65336465646665363938343132613730313233313032636130306235393535646564643764363734
31313364656464376531636431343430363230353664666337353430383339653838333535356337
64353639303732663563373038353862336532333536333137663632383565393436313833393231
35646434643165323364376330303166653334376638333137643564313633386136376639623436
31306137313230623336613738343066656666333732653931326366326138306431633738333266
32653634643535376261396362633838336436613163376430386463643534623830626431393766
33353635306432303439313433323539333862616535623037306436653364363634393538303937
35653534376330623461623536363933366165393539633762663434353062646164626638383565
65313530323733313234656231333135396334616536376639323164306434653834653865616561
35366532396430633830306534626365333032643832336137373564313466396563333839616630
31313134643234653061373461343635323430633432663336373262306563643634326165393364
65633763303365363833613530356133316538363030313833376639656661653936353031396533
35313231383036323433383431313838326662333863383234303339376665653964316435373234
39303065373765633731323731613536333233613037663834346261666363376334346432663633
64376464396435663035366165613265636539363364396339316463643862316635653739626662
62353130633235303439303563343033343930613636663330636438633466326665343339393430
39616436356330613663613333643237653935636366366263373938386165333765316662653035
33646530353836336430383164306333336433353138353831396432313961333464653038303666
34616230323763613764666662356431363636343666653562396238303163643462313036363431
39613266363039663362396131343936633130626434643765386330363737336432396164633161
63356164356163346230663663623737353166353266663862373433316635626539656562323739
62393365626133653434326166366637663233363139646665326362353631616261653134343937
39643461643836666131363736393937613432366265363639383864663463303331313164653661
32386135326539313435376138646464336635636138343039376331373430626534353431666339
30353235396533323638363131333134333665633131663837643361373236393036663337666362
30316530643833323663323636353561613037303964383837363437336535643837653538653030
65353932393065666132366631623933623738653663666539373531316363623765343931623332
61646561353062643637303661336331366565336632363862613234663339636262333364646630
39663934613531323731656139656338643736323434323635613365303736666162613936626439
39356236336362303464363432663439383032353863326637616462373832653433663035363237
61626534663865306635386138326233626536373634386361383232303065363861643533316463
65313339643238333031666136633562643061306138646466336136343439643063323431626265
61653763356262333562333230613761343466626531343232303330663735303332346335643962
61376531323538383437383766643038636537343363323836303031353130653937613638623766
32383239626664353362616639383438623337343439393964383130373863323937353066396464
62663537653137643465326266353961326263343231326662366535373266383733626134343565
61383661663166643939633166346539626335353732613932633430376139323963383830653037
38353735313931396538613565653539303364613262353433326262313739336132323263303436
32643231363363643261373736666337306664643734363134333465613033373831653261623633
33623434663366663739353939363635383932616634346130393831376663643830383232323165
64333635396137303933336639373132616665633135646330643466633164643030393031626330
62623938386166353834386664316265363636316662303531323561346432376662623730356134
353233393338653966623837623839613566
